3333033330330330000033330000003330330033
3030003000000000000000000000004000003000
0033033330300030004444440000044000000000
0000300000000004044474747404444444440404
0000404004440444474393744444444444444400
0440040444444444999988994477744474444444
0440444444444779999988889447747774444444
4407444447477799774709888877717474444444
7444447477777787111143988887777747747074
7744477777777397171173988984774774447747
4447777777777907111170388983447047474707
3930404717773847117774089883930047744743
9903003301173997319738398889939307777404
3993333937473977010747498889999907470434
9939999394993841174117398888999983744033
9999999999999831774114988888900000043039
8999999999999997733170998988988999899889
9999899999999880700043988888988999899898
8999898999999880403749988888999999999889
8899999899999888017439888888999989998998
8989999999909888833998888888988899999999
9899999993303888889899988888998998888898
9999990933933988880393399998899399999998
9899399393933989880404498989899999993999
9999999998989998844444709988888893303989
8993999999999889411777749998888894399999
9993933999998897777777779988888999000999
9993039999998837171777743989998893030339
8999803399989347777777743903899889993339
9998893938889777177111743499998898998930
9899333388883977711117730398998888898899
8933999988893040711177099998889888889889
9390999889893939403390999898998988889988
8999999899899939333093898899989898888889
8999988888899933839998989899999888888998
8999999889999999999998888898999888888998
9933338898888889989898899889998888888898
9999388899988898889888999999888898898888
8889989889888898989888988898888888888898
8888888998889889989888888888988888988898
9898388898888888898888888988888888888889
9899899989998888888888888888888898888888
9898939998898888898888888888898888888888
8889889908888888888888888889898889888888
8989989090944988888888889888898898888889
8889889938977774988888888899999888888888
8889988888347717770888888888888888888888
8888888889330471774338888898998888888888
9888889889883044740743008099898988888888
9898888888049304444933033383899888888888
8898888880974993400099399399989888888888
8888888889004399903999999999988888888888
8888888889990988989999888988888888888888
8888888888998889899888888888888888888888
8888888889898888889888888888888888888888
8888888888888898888888889888888888888888
8888898889888898888888888888888888888888
8888889888888888888888888888888888888888
8888888888888988888888888888888888888888
8888888888888888888888888888888888888888
